{
    "reference_camera": "24394830",
    "cameras": [
        "24394830",
        "24394835",
        "24394836"
    ],
    "individual_calibrations": {
        "24394830": {
            "camera_matrix": [
                [
                    1752.2802361095607,
                    0.0,
                    1055.7315430501253
                ],
                [
                    0.0,
                    1746.280746793507,
                    610.5499894772942
                ],
                [
                    0.0,
                    0.0,
                    1.0
                ]
            ],
            "distortion_coefficients": [
                [
                    -0.2574029588575747,
                    -0.5140487943485734,
                    -0.0015050851694599352,
                    0.0009876953009424756,
                    4.864011826551036
                ]
            ],
            "reprojection_error": 0.03317408562009036,
            "image_size": [
                1920,
                1200
            ],
            "calibration_time": "2025-03-08T15:52:43.680074",
            "num_images_used": 16,
            "checkerboard_size": [
                10,
                7
            ],
            "square_size_mm": 25.0
        },
        "24394835": {
            "camera_matrix": [
                [
                    1763.6956868760437,
                    0.0,
                    930.5640983657337
                ],
                [
                    0.0,
                    1753.4144431460825,
                    538.7728697813009
                ],
                [
                    0.0,
                    0.0,
                    1.0
                ]
            ],
            "distortion_coefficients": [
                [
                    -0.39282717989288374,
                    0.7808818290626891,
                    0.011416660110259534,
                    0.0006823070864379773,
                    -1.8402628137979635
                ]
            ],
            "reprojection_error": 0.036197965388878296,
            "image_size": [
                1920,
                1200
            ],
            "calibration_time": "2025-03-08T15:52:47.156402",
            "num_images_used": 15,
            "checkerboard_size": [
                10,
                7
            ],
            "square_size_mm": 25.0
        },
        "24394836": {
            "camera_matrix": [
                [
                    1766.0824240872232,
                    0.0,
                    941.9811600025371
                ],
                [
                    0.0,
                    1768.6816320719365,
                    658.7873984489455
                ],
                [
                    0.0,
                    0.0,
                    1.0
                ]
            ],
            "distortion_coefficients": [
                [
                    -0.290207736087613,
                    0.5917095516991058,
                    0.0005801935122408763,
                    -6.469661058885037e-05,
                    -2.473572194027023
                ]
            ],
            "reprojection_error": 0.03406835308263087,
            "image_size": [
                1920,
                1200
            ],
            "calibration_time": "2025-03-08T15:53:24.860854",
            "num_images_used": 16,
            "checkerboard_size": [
                10,
                7
            ],
            "square_size_mm": 25.0
        }
    },
    "pairwise_calibrations": {
        "24394830_24394835": {
            "left_camera_matrix": [
                [
                    1752.401667802579,
                    0.0,
                    1055.9323524066765
                ],
                [
                    0.0,
                    1746.4860993391776,
                    610.4053279611293
                ],
                [
                    0.0,
                    0.0,
                    1.0
                ]
            ],
            "left_distortion_coefficients": [
                [
                    -0.2611127241028916,
                    -0.4850443507485508,
                    -0.0015715514075981371,
                    0.0009125214917005306,
                    5.076735544425959
                ]
            ],
            "right_camera_matrix": [
                [
                    1765.0451722351054,
                    0.0,
                    928.7941379398524
                ],
                [
                    0.0,
                    1754.8864518270766,
                    540.1696759489874
                ],
                [
                    0.0,
                    0.0,
                    1.0
                ]
            ],
            "right_distortion_coefficients": [
                [
                    -0.38995350991192324,
                    0.7737717548112261,
                    0.011058511728352653,
                    0.0006737378163480443,
                    -1.8280066744382604
                ]
            ],
            "rotation_matrix": [
                [
                    -0.9695178134359194,
                    -0.005209358218535276,
                    -0.24496545066066955
                ],
                [
                    0.0345248600152065,
                    -0.9927036862436732,
                    -0.11553105798508573
                ],
                [
                    -0.2425762632067786,
                    -0.12046681661426031,
                    0.9626237596400069
                ]
            ],
            "translation_vector": [
                [
                    -9.893753585767204
                ],
                [
                    166.2016111589659
                ],
                [
                    -11.464032301463183
                ]
            ],
            "essential_matrix": [
                [
                    -39.92077166347016,
                    -31.40216613736079,
                    158.66516801150703
                ],
                [
                    8.714593756149261,
                    -1.1321487479561172,
                    12.332254112799427
                ],
                [
                    160.79384218279395,
                    10.687369384402427,
                    41.856688397292864
                ]
            ],
            "fundamental_matrix": [
                [
                    7.918414399312521e-08,
                    6.249818857795554e-08,
                    -0.0006732738010157252
                ],
                [
                    -1.7385742731703752e-08,
                    2.2663037492866426e-09,
                    -2.6139583589094037e-05
                ],
                [
                    -0.0006270976641131272,
                    -9.681561471505673e-05,
                    1.0
                ]
            ],
            "left_rectification": [
                [
                    0.10852151307537268,
                    -0.9800247816684909,
                    -0.16665685859111423
                ],
                [
                    0.9921822228802903,
                    0.09638740589669038,
                    0.07927108290437873
                ],
                [
                    -0.061624003441499556,
                    -0.17395659027508437,
                    0.9828232734829333
                ]
            ],
            "right_rectification": [
                [
                    -0.05928306744637366,
                    0.9958749466135302,
                    -0.06869212925544806
                ],
                [
                    -0.981859132329991,
                    -0.07058745286215437,
                    -0.17598311214042794
                ],
                [
                    -0.18010597484355154,
                    0.057013175722210055,
                    0.9819935517200317
                ]
            ],
            "left_projection": [
                [
                    -560.7939145853404,
                    0.0,
                    1159.3371872901917,
                    0.0
                ],
                [
                    0.0,
                    -560.7939145853404,
                    730.8320388793945,
                    0.0
                ],
                [
                    0.0,
                    0.0,
                    1.0,
                    0.0
                ]
            ],
            "right_projection": [
                [
                    -560.7939145853404,
                    0.0,
                    1159.3371872901917,
                    -93590.91967236443
                ],
                [
                    0.0,
                    -560.7939145853404,
                    730.8320388793945,
                    0.0
                ],
                [
                    0.0,
                    0.0,
                    1.0,
                    0.0
                ]
            ],
            "disparity_to_depth_matrix": [
                [
                    1.0,
                    0.0,
                    0.0,
                    -1159.3371872901917
                ],
                [
                    0.0,
                    1.0,
                    0.0,
                    -730.8320388793945
                ],
                [
                    0.0,
                    0.0,
                    0.0,
                    -560.7939145853404
                ],
                [
                    0.0,
                    0.0,
                    -0.005991969269545836,
                    0.0
                ]
            ],
            "image_size": [
                1920,
                1200
            ],
            "reprojection_error": 1.8373825222140796,
            "calibration_time": "2025-03-08T15:53:54.303646",
            "num_image_pairs_used": 14,
            "baseline_mm": 166.89004148978142
        },
        "24394830_24394836": {
            "left_camera_matrix": [
                [
                    1752.401667802579,
                    0.0,
                    1055.9323524066765
                ],
                [
                    0.0,
                    1746.4860993391776,
                    610.4053279611293
                ],
                [
                    0.0,
                    0.0,
                    1.0
                ]
            ],
            "left_distortion_coefficients": [
                [
                    -0.2611127241028916,
                    -0.4850443507485508,
                    -0.0015715514075981371,
                    0.0009125214917005306,
                    5.076735544425959
                ]
            ],
            "right_camera_matrix": [
                [
                    1765.9112522247021,
                    0.0,
                    942.5607107698795
                ],
                [
                    0.0,
                    1768.4465498684317,
                    659.3401933424093
                ],
                [
                    0.0,
                    0.0,
                    1.0
                ]
            ],
            "right_distortion_coefficients": [
                [
                    -0.2871181943414737,
                    0.5652629309037901,
                    0.0005294992060375669,
                    -0.00022678355350014168,
                    -2.375568377575688
                ]
            ],
            "rotation_matrix": [
                [
                    0.02184627224935337,
                    -0.9826941486285408,
                    -0.18394279175883604
                ],
                [
                    0.9984707605299132,
                    0.012100040508837707,
                    0.053941907516338636
                ],
                [
                    -0.05078268165057727,
                    -0.18483992877869182,
                    0.981455714728619
                ]
            ],
            "translation_vector": [
                [
                    76.12248221383923
                ],
                [
                    122.00809969589314
                ],
                [
                    18.127541068867636
                ]
            ],
            "essential_matrix": [
                [
                    -24.29571820321794,
                    -22.771312439471334,
                    118.76771254587791
                ],
                [
                    4.261722978118945,
                    -3.7433543465365116,
                    -78.04527570003064
                ],
                [
                    73.34065054689412,
                    120.81773077486257,
                    26.548702370746025
                ]
            ],
            "fundamental_matrix": [
                [
                    7.423665275169433e-08,
                    6.98144348505757e-08,
                    -0.0007569506452752609
                ],
                [
                    -1.3003216454922265e-08,
                    1.1460275019017307e-08,
                    0.0004240326711838896
                ],
                [
                    -0.0004571320129847854,
                    -0.0007274794860666628,
                    0.9999999999999999
                ]
            ],
            "left_rectification": [
                [
                    0.8455860551564798,
                    -0.5290228024024901,
                    0.07154787112918637
                ],
                [
                    0.525201903868923,
                    0.8484109367398918,
                    0.06604424723318461
                ],
                [
                    -0.0956409091203203,
                    -0.018269016348870806,
                    0.9952482401613597
                ]
            ],
            "right_rectification": [
                [
                    0.525179800423301,
                    0.841751182893852,
                    0.125064476667608
                ],
                [
                    -0.8344031226046343,
                    0.5382271037666941,
                    -0.11867187433655858
                ],
                [
                    -0.1672052816599327,
                    -0.04203011857843367,
                    0.9850258184013786
                ]
            ],
            "left_projection": [
                [
                    12066.30207981396,
                    0.0,
                    754.3353061676025,
                    0.0
                ],
                [
                    0.0,
                    12066.30207981396,
                    693.267776966095,
                    0.0
                ],
                [
                    0.0,
                    0.0,
                    1.0,
                    0.0
                ]
            ],
            "right_projection": [
                [
                    12066.30207981396,
                    0.0,
                    754.3353061676025,
                    1748956.9566786732
                ],
                [
                    0.0,
                    12066.30207981396,
                    693.267776966095,
                    0.0
                ],
                [
                    0.0,
                    0.0,
                    1.0,
                    0.0
                ]
            ],
            "disparity_to_depth_matrix": [
                [
                    1.0,
                    0.0,
                    0.0,
                    -754.3353061676025
                ],
                [
                    0.0,
                    1.0,
                    0.0,
                    -693.267776966095
                ],
                [
                    0.0,
                    0.0,
                    0.0,
                    12066.30207981396
                ],
                [
                    0.0,
                    0.0,
                    -0.006899141819206498,
                    0.0
                ]
            ],
            "image_size": [
                1920,
                1200
            ],
            "reprojection_error": 2.8102331379123227,
            "calibration_time": "2025-03-08T15:54:59.109932",
            "num_image_pairs_used": 15,
            "baseline_mm": 144.94556369548795
        },
        "24394835_24394836": {
            "left_camera_matrix": [
                [
                    1765.0451722351054,
                    0.0,
                    928.7941379398524
                ],
                [
                    0.0,
                    1754.8864518270766,
                    540.1696759489874
                ],
                [
                    0.0,
                    0.0,
                    1.0
                ]
            ],
            "left_distortion_coefficients": [
                [
                    -0.38995350991192324,
                    0.7737717548112261,
                    0.011058511728352653,
                    0.0006737378163480443,
                    -1.8280066744382604
                ]
            ],
            "right_camera_matrix": [
                [
                    1765.9112522247021,
                    0.0,
                    942.5607107698795
                ],
                [
                    0.0,
                    1768.4465498684317,
                    659.3401933424093
                ],
                [
                    0.0,
                    0.0,
                    1.0
                ]
            ],
            "right_distortion_coefficients": [
                [
                    -0.2871181943414737,
                    0.5652629309037901,
                    0.0005294992060375669,
                    -0.00022678355350014168,
                    -2.375568377575688
                ]
            ],
            "rotation_matrix": [
                [
                    0.028235196757271416,
                    0.9977345947099995,
                    -0.06106105291387774
                ],
                [
                    -0.9813694397665343,
                    0.01605488743099642,
                    -0.19145825467160318
                ],
                [
                    -0.19004419579770543,
                    0.0653293127811034,
                    0.9795995531517725
                ]
            ],
            "translation_vector": [
                [
                    -95.14767245859827
                ],
                [
                    107.8194493009166
                ],
                [
                    13.526879030491802
                ]
            ],
            "essential_matrix": [
                [
                    -7.215594837800749,
                    6.826598007138649,
                    108.20971700657996
                ],
                [
                    -17.700328803480048,
                    19.712167221620675,
                    92.38065194763358
                ],
                [
                    90.33071465051226,
                    -109.10277972074948,
                    24.80037640389702
                ]
            ],
            "fundamental_matrix": [
                [
                    2.773566638257907e-08,
                    -2.6392321850366438e-08,
                    -0.0007456607288109875
                ],
                [
                    6.793987371953848e-08,
                    -7.60999864708073e-08,
                    -0.0006478596511235512
                ],
                [
                    -0.0006840937610832352,
                    0.0008199178154931124,
                    1.0
                ]
            ],
            "left_rectification": [
                [
                    0.7689891026213322,
                    0.6391680229409071,
                    0.010954382659482365
                ],
                [
                    -0.6345648446647398,
                    0.765300263663963,
                    -0.10790256879001368
                ],
                [
                    -0.07735126350133606,
                    0.07602463341365662,
                    0.9941011201829852
                ]
            ],
            "right_rectification": [
                [
                    0.6587637207980389,
                    -0.7464979411532475,
                    -0.0936545995362018
                ],
                [
                    0.7522381296162938,
                    0.6556881931833288,
                    0.06489059771154447
                ],
                [
                    0.012967517561328808,
                    -0.11319813237834121,
                    0.9934878088403261
                ]
            ],
            "left_projection": [
                [
                    69036.8500429065,
                    0.0,
                    973.8831634521484,
                    0.0
                ],
                [
                    0.0,
                    69036.8500429065,
                    651.9327609539032,
                    0.0
                ],
                [
                    0.0,
                    0.0,
                    1.0,
                    0.0
                ]
            ],
            "right_projection": [
                [
                    69036.8500429065,
                    0.0,
                    973.8831634521484,
                    -9971246.72788356
                ],
                [
                    0.0,
                    69036.8500429065,
                    651.9327609539032,
                    0.0
                ],
                [
                    0.0,
                    0.0,
                    1.0,
                    0.0
                ]
            ],
            "disparity_to_depth_matrix": [
                [
                    1.0,
                    0.0,
                    0.0,
                    -973.8831634521484
                ],
                [
                    0.0,
                    1.0,
                    0.0,
                    -651.9327609539032
                ],
                [
                    0.0,
                    0.0,
                    0.0,
                    69036.8500429065
                ],
                [
                    0.0,
                    0.0,
                    0.006923592598491428,
                    -0.0
                ]
            ],
            "image_size": [
                1920,
                1200
            ],
            "reprojection_error": 4.2526079192606545,
            "calibration_time": "2025-03-08T15:55:47.273477",
            "num_image_pairs_used": 14,
            "baseline_mm": 144.43368609208582
        }
    },
    "calibration_time": "2025-03-08T15:55:47.277019",
    "checkerboard_size": [
        10,
        7
    ],
    "square_size_mm": 25.0
}